タネッコ  1-4   7   7   1   4   1
おばけカイワレ   1-4   5   2   1   3   2
マムル   1-5   5   2   1   2   1
コロン   2-5   7   7   1   4   2
草子どり  3-5   28  10  1   5   3
針子どり  3-5   28  8   1   5   1
コガタナバチ  3-6   28  10  1   5   4
あなぐらマムル   3-7   11  6   3   5   2
チンタラ  3-7   19  9   4   12  6
あまぐりん   4-6   16  11  5   15  4
にぎり見習い  4-8   23  12  7   18  6
ガマラ   6-7   23  12  7   18  1
フワッティー  6-8   23  12  7   18  6
タイガーウッホ   6-9   32  16  10  45  10
もざらし  6-9   60  10  6   25  4
ギャザー  8-10  28  19  10  45  20
ノロージョ   8-10  20  18  4   24  7
フィアーラビ  8-12  20  15  4   15  9
マゼルン  9-10  40  15  6   15  8
うたたねバク  9-12  32  27  11  46  10
おばけ大根   9-14  42  15  12  49  8
ンドゥバ  10-11   32  16  8   16  8
パコレプキン  10-12   35  20  12  43  24
おにぎりクマ  10-13   25  15  8   35  18
オヤジ戦車   11-12   40  25  12  120   12
ミドロ   11-12   45  15  9   33  7
中チンタラ   11-14   45  15  9   33  10
アイアンヘッド   11-14   55  19  11  55  15
毒サソリ  11-15   45  21  9   41  12
コロロン  12-14   45  15  9   33  16
まわるポリゴン   12-15   45  15  9   33  11
イカキング   12-16   42  20  11  66  5
しぶぐりん   13-14   36  21  8   35  18
ケンゴウ  13-15   45  15  9   36  40
クダカレルー  13-15   9   9   1   1   2
フレフレハムポン  13-15   34  10  7   28  5
フォーリー   14-17   46  20  2   400   6
ひまガッパ   15-17   50  18  11  48  7
フラッシュバード  15-18   33  16  11  75  9
ももざらし   15-18   70  17  8   40  12
ヤンぴー  15-19   36  22  15  170   6
ワキザシバチ  16-20   46  27  14  165   100
ピョコダイル  16-20   50  22  10  50  9
ぬすっトド   17-18   43  14  9   50  3
スコッピー   17-20   43  16  11  75  9
ガンコ戦車   18-21   60  37  15  400   75
アズキッコ   18-22   45  23  10  125   50
エリガン  18-22   58  32  16  220   50
ガラ魔道士   18-23   45  22  13  110   8
ギャドン  20-24   55  17  11  165   19
草兄どり  20-24   60  25  11  160   40
針兄どり  20-24   60  20  10  100   20
みどりトド   21-23   55  17  11  240   10
にぎり変化   21-24   55  20  11  124   60
カイワレ入道  21-26   60  22  10  14  80
フカッティー  22-24   55  27  11  24  40
チェインヘッド   22-25   60  38  16  230   70
ノロージョの姉   22-26   40  22  10  110   20
おにぎりアナグマ  22-26   55  40  18  350   120
ガマグッチ   23-24   47  26  15  215   5
ボウヤカート  23-24   43  20  11  75  2
いねむりバク  24-27   80  50  15  480   89
すいだすゾウ  24-28   43  22  10  110   12
ピョンダイル  25-27   60  48  15  480   40
処刑者   25-30   55  42  10  210   90
ゲドロ   26-28   55  17  11  54  20
カラス天狗   26-28   37  16  11  24  6
ヒーポフ  26-29   50  25  20  175   8
親衛ヤンぴー  26-30   49  33  17  450   90
シャベッピー  26-30   49  23  17  190   45
クロスカート  27-30   56  28  17  180   7
ばくだんウニ  27-32   62  14  7   15  7
ホラーラビ   29-30   55  26  13  130   35
バリズドン   29-30   79  59  22  330   33
ガンバレハムポン  29-31   45  15  10  50  20
ガラ中流魔道士   29-32   56  26  17  360   25
いやすぎガッパ   29-33   65  25  17  180   20
とりこむゾウ  29-33   56  28  17  180   25
ンドゥルー   30-31   70  34  17  360   20
カタナバチ   30-35   75  47  20  400   120
マゼモン  31-33   70  34  20  360   20
ドラゴン  31-34   75  42  22  560   50
キラーギャザー   31-35   55  37  20  270   90
おどるポリゴン   31-35   70  34  11  360   35
シャーガ  31-35   70  44  25  480   100
洞窟マムル   33-37   6   60  19  888   100
パコレプキーナ   34-35   66  39  18  390   40
ハヤブサ天狗  34-36   55  17  11  66  20
ホノオポフ   34-37   64  39  22  400   75
めまわし大根  34-37   46  23  16  260   20
草親どり  35-38   74  49  17  640   210
針親どり  35-38   76  48  16  400   80
タイガーウホホ   35-39   68  45  18  350   35
鬼サソリ  35-39   70  45  22  480   30
ゴウジョウ戦車   36-39   83  48  19  1600  80
ガラ上流魔道士   36-39   62  32  20  800   60
ゴロズドン   36-41   108   69  25  660   220
エリガガン   37-42   62  62  22  680   100
グレアバード  37-40/47-49   43  20  25  200   25
ギャイラス   37-41/46-51   64  49  22  440   35
もももざらし  40-43   80  26  10  400   80
ナシャーガ   40-43/48-50   85  55  27  1060  200
スカイドラゴン   41-45   80  55  26  1600  120
ギガヘッド   41-46   65  58  25  650   200
大チンタラ   43-47   65  30  11  100   40
ファイトハムポン  44-46   55  22  15  130   30
からぐりん   44-46   57  52  16  150   270
にぎり親方   44-48   66  40  20  550   125
イカエンペラー   44-48   65  55  24  1300  50
ナッツッコ   44-48   57  51  16  850   90
ばくれつウニ  44-49   72  18  8   200   60
トカサレルー  45-46   10  10  1   1   3
スーパーゲイズ   45-50   66  35  20  550   15
カエンポフ   46-50   73  56  24  1250  35
ボヨンダイル  46-50   77  63  22  1100  150
吹き飛びカート   46-51   65  38  20  600   9
イヌワシ天狗  47-49   65  26  13  130   60
クワッピー   47-49   66  40  20  550   130
コロコロン   48-50   66  40  18  550   150
ンバマ   49-52   77  48  22  800   40
デブートン   49-52   75  52  20  1600  200
マゼゴン  50-51   77  48  25  800   50
じゅくすいバク   50-54   100   70  20  800   170
モコッティー  51-54   73  45  21  900   80
ガラ貴族魔道士   51-55   73  45  21  1000  100
断罪者   51-55   73  55  21  680   240
たまらんガッパ   51-55/88-90   77  48  20  800   60
カイワレ魔王  52-55   88  44  24  680   240
オドロ   53-57   77  40  20  150   30
ゴオオポフ   54-57   85  70  26  2650  80
貫通カート   54-58   74  50  22  1100  15
しびれサソリ  54-58   80  60  25  1100  80
タイガーウホーン  55-60   71  58  24  850   60
ノロージョの母   56-58   54  34  21  820   60
ドレッドラビ  56-58   71  42  20  850   80
ももももざらし   56-58   90  37  15  670   100
パコレプキング   56-59   77  52  20  850   80
ガマゴン  57-59   67  40  20  850   20
ラシャーガ   57-61   106   70  32  1980  300
くみこむゾウ  57-62   71  42  20  850   50
ギャンドラー  58-61   83  59  27  1200  80
アイアントド  59-60   71  42  13  850   40
副総長ヤンぴー   59-63   78  60  21  1200  180
草老いどり   59-62/67-69   94  80  22  1060  390
針老いどり   59-62/67-69   94  60  20  860   140
物荒らし  59-62/80-81   54  34  21  820   40
ダイトウバチ  60-64   83  63  27  1200  250
うたうポリゴン   60-64   76  55  25  820   60
ツインクルバード  60-64   54  34  28  820   80
シハン   61-65   75  55  30  1500  250
アゲアゲハムポン  61-65   65  39  20  790   50
ビカズドン   61-65   137   79  28  1280  400
おにぎりツキノワ  63-66   69  52  29  700   250
ポヨッティー  63-66   92  82  28  4200  170
にがぐりん   63-66   65  70  22  400   430
アークドラゴン   65-69   92  82  30  3333  240
ハイパーゲイズ   65-71   83  42  24  1300  80
ねむり大根   65-68/81-83   61  39  20  790   80
ふんかウニ   65-69/89-92   83  48  9   1600  100
ホウオウ天狗  66-68   70  34  25  360   100
ダイズッコ   66-70   83  70  27  1250  250
とうみんバク  67-70   120   90  27  1150  300
チドロ   69-72   83  50  24  950   50
マゼドン  70-71   92  82  35  2200  100
ンバルーン   70-73   92  60  28  3200  80
ヘルギャザー  70-74   70  62  30  1340  300
特大チンタラ  70-75   92  82  28  3600  300
エリガゴン   71-76   96  80  40  3000  200
だいふんかウニ   73-77   96  70  10  2300  130
ノロージョの婆   73-77/90-92   78  39  24  1800  130
ユンピー  74-75   86  85  35  2345  345
カイワレ大魔王   74-76   99  85  38  1580  345
デブーゴン   74-78   86  85  35  3700  400
大物荒らし   75-76   78  39  24  1800  90
トリコマレルー   75-76   11  15  1   1   4
破壊者   75-78   80  65  24  1900  480
テリブルラビ  76-79   83  53  30  1200  200
イカカイザー  76-80   85  72  30  2200  200
劇毒サソリ   76-80   95  89  36  2700  170
パコレプゴッド   77-79   84  80  24  2500  170
バイーンダイル   77-81   95  88  29  4300  500
コロコロコロン   78-80   130   75  22  1300  330
デスヘッド   78-83   73  90  35  3800  500
おにぎりヒグマ   79-81   78  62  39  1200  300
ギタンマムル  79-82   12  84  38  5500  444
おてあげガッパ   79-83   89  63  30  1700  170
ガマドーン   80-82   80  55  17  1000  100
バシャーガ   80-85   120   88  42  4500  400
ひきこむゾウ  80-84/95-96   76  59  28  1400  170
ギャンドロン  81-85   95  75  36  2800  200
らんぶポリゴン   83-87   86  65  28  1400  200
総長ヤンぴー  83-89   97  71  35  3200  250
シャインバード   84-87   76  59  33  1400  170
ドドズドン   84-88   165   90  35  2222  600
タイガーウボッホ  84-89   93  72  32  2000  170
にぎり元締   86-89   97  69  30  3750  170
しょうめつトド   87-89   80  61  15  1900  80
ゲンナマゲイズ   89-91   93  62  38  1850  130
フォールギャザー  89-93   85  80  35  3200  600
エリズガゴン  89-99   100   103   48  5000  400
崩壊者   89-99   95  85  30  3600  720
タツジン  90-92   100   85  36  3300  400
アビスドラゴン   90-99   120   106   50  6666  600
イッテツ戦車  94-96   86  62  20  3200  200
