闇ボウヤカート   1-2   14  5   2   3   8
悪コロン  1-2   14  5   2   3   6
悪チンタラ   1-3   14  5   2   3   4
闇ひまガッパ  1-3   14  5   2   3   7
闇マムル  1-5   24  14  3   22  15
悪まわるポリゴン  2-3   25  18  3   26  13
腐りあまぐりん   2-4   55  30  1   70  35
悪ピョコダイル   3-4   24  12  3   22  14
闇うたたねバク   3-4   24  14  3   22  10
ダークウッホ  3-6   16  9   1   10  18
闇カラクロイド   4-5   10  8   1   2   25
暴れギャドン  4-5   10  5   1   4   18
闇ヤンぴー   4-5   10  5   1   10  40
闇すいだすゾウ   4-5   10  5   1   3   20
闇オヤジ戦車  6-7   20  18  2   24  18
闇イカキング  6-7   20  18  2   24  7
悪デブータ   6-7   20  18  2   50  30
闇フラッシュバード   6-7   20  16  2   24  13
地獄の処刑者  6-7   20  18  2   24  30
ブラックミドロ   6-8   20  18  2   24  13
闇おにぎりクマ   6-8   20  18  2   24  20
欲タベラレルー   8-9   12  4   1   1   5
黒ガラ魔道士  8-9/13  22  16  2   22  18
悪スコッピー  8-9/13  22  16  2   22  20
腐りにぎり見習い  9-11  33  24  4   40  15
悪ゲイズ  9-10/13-14  33  24  3   40  10
ダークおばけ大根  9-10/13-14  33  20  3   40  7
ダークエリガン   9-10/13-15  33  24  4   40  24
闇ンドゥバ   10-11   35  32  4   56  20
悪中チンタラ  10-12   35  32  4   56  50
悪ヒーポフ   10-15   33  24  4   40  24
腐りしぶぐりん   11-13/30-31/43-44   60  40  3   150   96
闇コガタナバチ   12/16-17  23  14  1   18  15
ダークフォーリー  13-14   33  24  4   8   19
悪フワッティー   13-15   33  24  2   40  14
ダークタネッコ   15-17/20-21   35  30  4   56  35
黒カラス天狗  16-17   35  40  4   43  5
闇もざらし   16-17/20-21   23  18  1   18  30
悪ケンゴウ   17-19   35  15  1   120   56
ブラックゲドロ   18-19   27  26  3   28  48
闇アイアンヘッド  18-19   27  16  3   28  40
ダーク毒サソリ   18-19   27  16  2   28  25
悪ピョンダイル   18-19/22-24   27  16  5   100   75
黒草子どり   20-21   23  14  1   18  10
黒針子どり   20-21   23  14  1   18  12
ダークマゼルン   22-24   45  20  4   43  25
夜おばけカイワレ  22-24   35  30  3   43  36
闇あなぐらマムル  24-26   35  30  4   43  80
暴れギャイラス   24-26   51  42  6   230   80
闇クロスカート   25-26   35  30  4   43  18
黒ガラ中流魔道士  25-26   36  30  6   50  72
悪コロロン   25-26   50  33  3   90  60
腐りにぎり変化   27-28   47  43  5   120   20
悪スーパーゲイズ  27-28   47  39  4   120   35
ダークバリズドン  27-28   47  43  4   120   40
悪ギャザー   27-29   32  24  3   34  40
悪ドラゴン   27-29   32  24  3   100   100
悪デブーチョ  29-30   42  52  3   100   140
闇フィアーラビ   29-30   28  20  2   32  56
エビルナシャーガ  29-31   65  70  7   320   300
悪ばくだんウニ   30-31   40  18  0   35  49
悪おどるポリゴン  30-31   45  33  4   70  35
悪シャベッピー   30-31   37  28  4   210   100
ダークウホホ  30-32   52  45  6   130   35
悪パコレプキン   31-32   43  35  2   60  30
闇とりこむゾウ   31-32   43  35  5   60  60
腹黒ぬすっトド   32-33   48  28  2   130   5
闇親衛ヤンぴー   32-33   48  53  2   50  80
闇いねむりバク   32-33   48  35  4   150   152
闇ガンコ戦車  33-34   45  32  3   130   35
闇いやすぎガッパ  33-34   38  35  3   50  25
悪ホノオポフ  33-34   43  35  5   80  45
ダークめまわし大根   34-35   37  24  4   100   100
εＦＯ－Ｕ   34-35/86-90   3   30  3   100   300
闇洞窟マムル  35-37   40  52  6   220   450
闇ももざらし  35-37   55  45  3   1111  150
悪パコレプキーナ  36-37   53  45  5   120   100
闇グレアバード   37-38   34  18  4   40  60
闇おにぎりアナグマ   37-38   34  50  4   100   75
闇ンドゥルー  38-39   45  45  5   150   50
黒草兄どり   38-39   43  26  2   90  160
黒針兄どり   38-39   37  24  2   100   84
黒ガラ上流魔道士  39-40   50  40  8   150   130
悪イアイ  39-41   47  22  2   220   140
腹黒みどりトド   40-41   55  29  4   250   20
ダーク鬼サソリ   40-41   65  55  5   100   180
ダークアズキッコ  40-41   45  40  6   130   100
ダークエリガガン  42-43   45  38  5   150   100
地獄の断罪者  42-43   45  38  3   150   130
黒ハヤブサ天狗   42-44   45  50  5   150   23
悪スカイドラゴン  42-44   55  38  5   300   200
闇ノロージョの姉  43-44   39  30  4   120   35
腹黒ガマグッチ   44-45   50  36  5   10  20
闇スチームロイド  44-45   42  36  3   180   100
悪ガンバレハムポン   45-46   47  27  5   36  60
悪コロコロン  45-46   60  46  4   180   120
ダークマゼモン   46-47   60  40  6   230   80
闇チェインヘッド  46-47   66  59  7   150   140
夜カイワレ入道   46-48   37  40  4   140   190
悪ばくれつウニ   47-48   45  55  1   70  80
悪クワッピー  47-49   45  46  6   320   200
ダークウホーン   48-50   65  66  9   260   220
悪デブートン  49-50   62  72  4   250   220
闇ホラーラビ  49-50   42  32  3   160   80
悪パコレプキング  49-51   65  62  4   240   160
悪カエンポフ  50-51   65  62  9   160   100
悪ヘルギャザー   52-53   56  60  5   450   350
悪うたうポリゴン  52-53   63  60  8   150   80
闇ツインクルバード   52-53   63  55  7   120   130
ダークエリガゴン  53-54   70  69  10  220   180
闇副総長ヤンぴー  53-55   56  75  4   150   160
黒草親どり   53-55   56  43  3   250   300
黒針親どり   53-55   58  22  3   220   110
悪大チンタラ  54-56   50  56  8   380   220
闇吹き飛びカート  54-56   50  41  8   86  35
ダークねむり大根  55-56   56  45  6   200   170
夜カイワレ魔王   55-57   56  50  5   280   270
腐りからぐりん   55/57/59/61-63  65  76  5   320   350
ダークしびれサソリ   56-57   75  65  6   260   260
悪アークドラゴン  56-57   93  65  12  600   300
腹黒ガマゴン  57-59   70  50  6   15  90
悪ファイトハムポン   57-59   50  36  5   100   130
悪モコッティー   57-59   55  47  5   150   90
腐りにぎり親方   58-59   63  55  7   240   45
闇ギガヘッド  58-60/75-76   74  72  9   300   260
悪ふんかウニ  59-60   75  66  2   150   160
ブラックチドロ   59-60   65  46  5   450   190
地獄の破壊者  59-60   60  56  5   300   320
欲トリコマレルー  60-61   15  17  1   1   8
悪ボヨンダイル   60-61   57  53  7   220   180
ダークマゼドン   60-62   90  86  12  780   220
闇イカエンペラー  61-62   55  56  4   270   100
悪ゴオオポフ  61-63   73  71  11  320   190
闇ノロージョの母  61-63   55  46  5   240   130
闇もももざらし   62-64   80  55  5   2222  300
闇エレキロイド   63-64   53  53  5   360   190
腹黒アイアントド  64-66   65  30  5   300   40
悪パコレプゴッド  64-66   77  70  9   380   260
闇ドレッドラビ   64-66   45  44  5   320   130
闇おにぎりツキノワ   65-67   63  60  8   220   180
ダークケダケー   65-67   70  60  6   2020  420
ダークウボッホ   66-67   73  75  11  520   300
黒イヌワシ天狗   66-68   73  60  11  300   70
暴れギャンドロン  67-68   70  86  10  480   220
黒ガラ貴族魔道士  67-69   70  66  10  400   190
悪コロコロコロン  67-69   70  66  5   360   450
悪らんぶポリゴン  68-69   72  78  10  300   160
エビルラシャーガ  69-70   80  80  9   480   400
闇ンバルーン  70-71   72  70  9   450   260
悪デブーゴン  70-71   74  85  6   500   350
闇とうみんバク   70-71   102   57  8   450   484
闇ダイトウバチ   71-72   52  76  5   335   350
悪ユンピー   71-72   52  56  8   420   300
闇貫通カート  72-73   75  70  9   150   80
闇ひきこむゾウ   72-74   72  78  9   444   220
悪特大チンタラ   73-74   63  75  16  500   300
悪フォールギャザー   73-74   68  77  6   600   500
悪ゲンナマゲイズ  73-74   59  70  6   390   260
ダークビカズドン  74-75   72  78  9   300   300
闇大物荒らし  75-76   66  57  5   700   190
闇おてあげガッパ  75-76   66  75  8   200   160
闇シャインバード  75-76   86  75  14  240   190
悪ポヨッティー   75-76   86  88  14  300   150
ダークダイズッコ  77-78   75  92  10  380   420
黒草老いどり  77-78   66  57  5   420   460
黒針老いどり  77-78   66  39  4   440   240
悪タツジン   78-79   86  88  14  660   350
悪だいふんかウニ  78-79   85  75  3   300   220
黒ホウオウ天狗   78-79   86  88  14  450   190
夜カイワレ大魔王  79-80   58  53  6   360   360
闇総長ヤンぴー   79-81   61  80  9   360   260
腹黒ガマドーン   80-81   85  65  8   20  260
闇バイオロイド   80-83   64  76  8   500   260
εＦＯ－Ｕβ  80-85   3   24  2   50  100
腐りにがぐりん   80-81/86-89   75  85  8   700   543
ダークみだれ大根  81-82   58  53  8   400   220
腐りにぎり元締   82-83   73  88  12  360   220
地獄の崩壊者  82-84   80  70  12  450   600
ダークエリズガゴン   83-84   79  80  11  330   420
闇ノロージョの婆  84-85   67  57  7   360   160
闇デスヘッド  84-87   88  100   10  450   500
悪アゲアゲハムポン   84-89   67  57  7   126   220
悪バイーンダイル  85-86   61  65  9   420   500
闇ももももざらし  85-88   90  70  7   3333  500
腹黒しょうめつトド   86-87   70  31  6   400   190
ダーク劇毒サソリ  86-87   86  85  14  520   420
闇テリブルラビ   86-87   61  60  6   400   220
闇おにぎりヒグマ  87-88   72  78  9   440   300
闇イカカイザー   88-90   57  90  5   540   190
悪アビスドラゴン  88-99   104   81  14  900   500
闇イッテツ戦車   89-90   66  60  6   500   260
闇ギタンマムル   89-91   68  88  8   600   500
エビルバシャーガ  90-99   100   90  13  600   600
εＦＯ－ＵＺ  91-95   3   40  4   130   450
ダークドドズドン  92-99   82  96  13  450   500
εＦＯ－ＵＺＺ   96-99   3   50  5   200   600
