マムル   1-2   5   2   1   2   1
タネッコ  1-2   7   7   1   4   1
おばけカイワレ   1-3   5   2   1   3   2
コロン   2-3   7   7   1   4   2
コガタナバチ  3-4   28  10  1   5   4
あなぐらマムル   3-5   11  6   3   5   2
チンタラ  3-5   19  9   4   12  6
草子どり  3-5   28  10  1   5   3
針子どり  3-5   28  8   1   5   1
あまぐりん   4-5   16  11  5   15  4
ガマラ   6-7   23  12  7   18  1
にぎり見習い  6-8   23  12  7   18  6
カラクロイド  6-8   32  14  8   45  9
フワッティー  6-8   23  12  7   18  6
もざらし  6-8   60  10  6   25  4
タイガーウッホ   7-9   32  16  10  45  10
ノロージョ   8-9   20  18  4   24  7
フィアーラビ  8-9   20  15  4   15  9
オヤジ戦車   8-10  40  25  12  120   12
ギャザー  9-10  28  19  10  45  20
ンドゥバ  10-11   32  16  8   16  8
パコレプキン  10-12   35  20  12  43  24
おにぎりクマ  10-12   25  15  8   35  18
うたたねバク  10-12   32  27  11  46  10
おばけ大根   11-12   42  15  12  49  8
ケンゴウ  12  45  15  9   36  40
ミドロ   12  45  15  9   33  7
アイアンヘッド   12  55  19  11  55  15
毒サソリ  12  45  21  9   41  12
中チンタラ   13  45  15  9   33  10
まわるポリゴン   13-14   45  15  9   33  11
コロロン  13-14   45  15  9   33  16
しぶぐりん   13-14   36  21  8   35  18
クダカレルー  13-15   9   9   1   1   2
フレフレハムポン  13-15   34  10  7   28  5
イカキング   14-16   42  20  11  66  5
ももざらし   15-16   70  17  8   40  12
ひまガッパ   15-17   50  18  11  48  7
フォーリー   15-17   46  20  2   400   6
ワキザシバチ  16-18   46  27  14  165   100
ヤンぴー  16-18   36  22  15  170   6
ピョコダイル  16-18   50  22  10  50  9
ぬすっトド   17-18   43  14  9   50  3
フラッシュバード  17-18   33  16  11  75  9
スコッピー   17-19   43  16  11  75  9
ガンコ戦車   18-20   60  37  15  400   75
アズキッコ   19-20   45  23  10  125   50
ガラ魔道士   19-21   45  22  13  110   8
エリガン  19-21   58  32  16  220   50
草兄どり  20-22   60  25  11  160   40
針兄どり  20-22   60  20  10  100   20
みどりトド   21-23   55  17  11  240   10
カイワレ入道  21-23   60  22  10  14  80
にぎり変化   22-23   55  20  11  124   60
スチームロイド   22-23   55  25  16  240   35
フカッティー  22-24   55  27  11  24  40
ガマグッチ   23-24   47  26  15  215   5
ボウヤカート  23-24   43  20  11  75  2
ギャドン  23-24   55  17  11  165   19
おにぎりアナグマ  23-24   55  40  18  350   120
いねむりバク  23-24   80  50  15  480   89
すいだすゾウ  23-25   43  22  10  110   12
チェインヘッド   24-25   60  38  16  230   70
ノロージョの姉   25-26   40  22  10  110   20
ピョンダイル  25-27   60  48  15  480   40
処刑者   25-27   55  42  10  210   90
ゲドロ   26-28   55  17  11  54  20
カラス天狗   26-28   37  16  11  24  6
ヒーポフ  26-28   50  25  20  175   8
親衛ヤンぴー  26-28   49  33  17  450   90
シャベッピー  26-28   49  23  17  190   45
ばくだんウニ  27-29   62  14  7   15  7
クロスカート  28-29   56  28  17  180   7
いやすぎガッパ   29-30   65  25  17  180   20
ガラ中流魔道士   29-30   56  26  17  360   25
ガンバレハムポン  29-30   45  15  10  50  20
ホラーラビ   29-30   55  26  13  130   35
バリズドン   29-30   79  59  22  330   33
とりこむゾウ  29-33   56  28  17  180   25
ンドゥルー   30-31   70  34  17  360   20
キラーギャザー   31-33   55  37  20  270   90
カタナバチ   31-33   75  47  20  400   120
ドラゴン  31-33   75  42  22  560   50
シャーガ  31-33   70  44  25  480   100
おどるポリゴン   34-35   70  34  11  360   35
めまわし大根  34-35   46  23  16  260   20
パコレプキーナ   34-35   66  39  18  390   40
ハヤブサ天狗  34-36   55  17  11  66  20
ホノオポフ   34-36   64  39  22  400   75
洞窟マムル   35-36   6   60  19  888   100
鬼サソリ  35-37   70  45  22  480   30
タイガーウホホ   36-38   68  45  18  350   35
草親どり  36-38   74  49  17  640   210
針親どり  36-38   76  48  16  400   80
ガラ上流魔道士   37-38   62  32  20  800   60
ギャイラス   38-39   64  49  22  440   35
エリガガン   38-40   62  62  22  680   100
ゴロズドン   38-41   108   69  25  660   220
グレアバード  39-40   43  20  25  200   25
ナシャーガ   40-42   85  55  27  1060  200
もももざらし  40-43   80  26  10  400   80
ギガヘッド   41-43   65  58  25  650   200
スカイドラゴン   41-43   80  55  26  1600  120
にぎり親方   44-45   66  40  20  550   125
イカエンペラー   44-45   65  55  24  1300  50
ばくれつウニ  44-46   72  18  8   200   60
ナッツッコ   44-46   57  51  16  850   90
ファイトハムポン  44-46   55  22  15  130   30
からぐりん   44-46   57  52  16  150   270
大チンタラ   45-46   65  30  11  100   40
トカサレルー  45-46   10  10  1   1   3
カエンポフ   46-48   73  56  24  1250  35
ボヨンダイル  46-48   77  63  22  1100  150
ゴウジョウ戦車   47-48   83  48  19  1600  80
イヌワシ天狗  47-49   65  26  13  130   60
スーパーゲイズ   47-49   66  35  20  550   15
クワッピー   47-49   66  40  20  550   130
コロコロン   48-50   66  40  18  550   150
エレキロイド  49-50   65  38  20  770   80
デブートン   49-50   75  52  20  1600  200
吹き飛びカート   49-51   65  38  20  600   9
ンバマ   50-51   77  48  22  800   40
じゅくすいバク   50-52   100   70  20  800   170
モコッティー  51-54   73  45  21  900   80
断罪者   51-54   73  55  21  680   240
たまらんガッパ   52-53   77  48  20  800   60
カイワレ魔王  52-53   88  44  24  680   240
ガラ貴族魔道士   52-54   73  45  21  1000  100
ケダッチョ   53  118   51  18  1050  150
オドロ   53-54   77  40  20  150   30
しびれサソリ  54-55   80  60  25  1100  80
ゴオオポフ   54-55   85  70  26  2650  80
貫通カート   54-56   74  50  22  1100  15
タイガーウホーン  55-57   71  58  24  850   60
ノロージョの母   56-58   54  34  21  820   60
パコレプキング   56-58   77  52  20  850   80
ドレッドラビ  56-58   71  42  20  850   80
ももももざらし   56-58   90  37  15  670   100
ガマゴン  57-59   67  40  20  850   20
くみこむゾウ  57-59   71  42  20  850   50
ラシャーガ   58-60   106   70  32  1980  300
物荒らし  59-60   54  34  21  820   40
アイアントド  59-60   71  42  13  850   40
ギャンドラー  59-60   83  59  27  1200  80
副総長ヤンぴー   59-61   78  60  21  1200  180
ダイトウバチ  60-61   83  63  27  1200  250
草老いどり   61-62   94  80  22  1060  390
針老いどり   61-62   94  60  20  860   140
うたうポリゴン   61-63   76  55  25  820   60
ツインクルバード  61-63   54  34  28  820   80
ビカズドン   61-63   137   79  28  1280  400
シハン   62-64   75  55  30  1500  250
アゲアゲハムポン  63-65   65  39  20  790   50
ポヨッティー  63-66   92  82  28  4200  170
おにぎりツキノワ  64-65   69  52  29  700   250
にがぐりん   64-66   65  70  22  400   430
ふんかウニ   65-66   83  48  9   1600  100
ハイパーゲイズ   65-67   83  42  24  1300  80
ホウオウ天狗  66-68   70  34  25  360   100
アークドラゴン   66-68   92  82  30  3333  240
ねむり大根   67-68   61  39  20  790   80
とうみんバク  68-69   120   90  27  1150  300
ダイズッコ   68-70   83  70  27  1250  250
チドロ   69-72   83  50  24  950   50
特大チンタラ  70-72   92  82  28  3600  300
ヘルギャザー  70-72   70  62  30  1340  300
ンバルーン   70-73   92  60  28  3200  80
エリガゴン   71-73   96  80  40  3000  200
ＦＯ－ＵＺＺ  72-73   6   80  40  5555  777
バイオロイド  72-74   96  80  40  3950  300
だいふんかウニ   73-74   96  70  10  2300  130
ノロージョの婆   73-75   78  39  24  1800  130
ユンピー  74-75   86  85  35  2345  345
カイワレ大魔王   74-76   99  85  38  1580  345
デブーゴン   74-77   86  85  35  3700  400
大物荒らし   75-76   78  39  24  1800  90
トリコマレルー   75-76   11  15  1   1   4
破壊者   75-78   80  65  24  1900  480
劇毒サソリ   77-78   95  89  36  2700  170
テリブルラビ  77-78   83  53  30  1200  200
パコレプゴッド   77-79   84  80  24  2500  170
バイーンダイル   77-79   95  88  29  4300  500
イカカイザー  78-79   85  72  30  2200  200
コロコロコロン   78-80   130   75  22  1300  330
おにぎりヒグマ   79-80   78  62  39  1200  300
おてあげガッパ   80-81   89  63  30  1700  170
ギタンマムル  80-82   12  84  38  5500  444
ガマドーン   80-82   80  55  17  1000  100
ひきこむゾウ  80-83   76  59  28  1400  170
デスヘッド   81-83   73  90  35  3800  500
ケダケー  82-83   128   63  25  2450  320
ギャンドロン  83-85   95  75  36  2800  200
らんぶポリゴン   84-85   86  65  28  1400  200
シャインバード   84-85   76  59  33  1400  170
タイガーウボッホ  84-86   93  72  32  2000  170
ドドズドン   85-88   165   90  35  2222  600
にぎり元締   86-88   97  69  30  3750  170
総長ヤンぴー  86-89   97  71  35  3200  250
しょうめつトド   87-89   80  61  15  1900  80
ゲンナマゲイズ   89-91   93  62  38  1850  130
フォールギャザー  89-93   85  80  35  3200  600
エリズガゴン  89-99   100   103   48  5000  400
崩壊者   89-99   95  85  30  3600  720
タツジン  91-92   100   85  36  3300  400
イッテツ戦車  95-96   86  62  20  3200  200
アビスドラゴン   97-99   120   106   50  6666  600
