闇物荒らし   1   58  30  4   350   80
ダークナッツッコ  1   63  60  8   260   260
闇ンバマ  1-2   63  60  8   300   160
悪シハン  1-2   68  50  3   440   260
闇たまらんガッパ  1-2   63  55  5   100   60
闇イカだいおう   1-2   39  30  3   65  35
悪ヘルギャザー   2-4/52-53   56  60  5   450   350
悪うたうポリゴン  3-4/52-53   63  60  8   150   80
闇ツインクルバード   3-4/52-53   63  55  7   120   130
闇副総長ヤンぴー  4-6/53-55   56  75  4   150   160
黒草親どり   4-6/53-55   56  43  3   250   300
黒針親どり   4-6/53-55   58  22  3   220   110
ダークエリガゴン  4-5/57-59   70  69  10  220   180
闇吹き飛びカート  5-7   50  41  8   86  35
悪大チンタラ  5-7/54-56   50  56  8   380   220
ダークねむり大根  6-7/55-56   56  45  6   200   170
夜カイワレ魔王   6-8/55-57   56  50  5   280   270
悪アークドラゴン  7-8   93  65  12  600   300
ダークしびれサソリ   7-8/52-53   75  65  6   260   260
腹黒ガマゴン  8-10/57-59  70  50  6   15  90
悪ファイトハムポン   8-10/57-59  50  36  5   100   130
悪モコッティー   8-10/57-59  55  47  5   150   90
腐りにぎり親方   9-10/58-59  63  55  7   240   45
闇ギガヘッド  9-11/26-29/57-58/75-76  74  72  9   300   260
地獄の破壊者  10-11   60  56  5   300   320
悪ふんかウニ  10-11/59-60   75  66  2   150   160
ブラックチドロ   10-11/59-60   65  46  5   450   190
欲トリコマレルー  11-12/60-61   15  17  1   1   8
悪ボヨンダイル   11-12/60-61   57  53  7   220   180
ダークマゼドン   11-13/49-51/60-62   90  86  12  780   220
闇イカエンペラー  12-13/61-62   55  56  4   270   100
悪ゴオオポフ  12-14/61-63   73  71  11  320   190
闇ノロージョの母  12-14/61-63   55  46  5   240   130
腐りからぐりん   12-14/61-63   65  76  5   320   350
闇もももざらし   13-15/62-64   80  55  5   2222  300
闇エレキロイド   14-15   53  53  5   360   190
腹黒アイアントド  15-17/64-66   65  30  5   300   40
悪パコレプゴッド  15-17/64-66   77  70  9   380   260
闇ドレッドラビ   15-17/64-66   45  44  5   320   130
闇おにぎりツキノワ   16-18/65-67   63  60  8   220   180
ダークケダケー   16-18/65-67   70  60  6   2020  420
暴れギャンドロン  16-19/67-68   70  86  10  480   220
黒イヌワシ天狗   17-19/66-68   73  60  11  300   70
ダークウボッホ   17-22/60-69/88-93   73  75  11  520   300
悪コロコロコロン  18-20/67-69   70  66  5   360   450
黒ガラ貴族魔道士  18-20/67-69/80-99   70  66  10  400   190
悪らんぶポリゴン  19-20/68-69/82-86   72  78  10  300   160
エビルラシャーガ  20-21/69-70   80  80  9   480   400
闇ンバルーン  21-22/70-71   72  70  9   450   260
悪デブーゴン  21-22/70-71   74  85  6   500   350
闇とうみんバク   21-22/70-71   102   57  8   450   484
欲トカサレルー   22-27   14  16  1   1   7
闇ダイトウバチ   22-25/71-72   52  76  5   335   350
悪ユンピー   22-23/71-72   52  56  8   420   300
闇貫通カート  23-24/71-72   75  70  9   150   80
闇ひきこむゾウ   23-25/72-74   72  78  9   444   220
悪特大チンタラ   24-25/40-42/73-74   63  75  16  500   300
悪フォールギャザー   24-25/73-74   68  77  6   600   500
悪ゲンナマゲイズ  24-27/73-74   59  70  6   390   260
ダークビカズドン  25-26/74-75   72  78  9   300   300
闇大物荒らし  26-27/75-76   66  57  5   700   190
闇おてあげガッパ  26-27/75-76   66  75  8   200   160
闇シャインバード  26-27/75-76   86  75  14  240   190
悪ポヨッティー   26-27/75-76   86  88  14  300   150
εＦＯ－ＵＺＺ   27-28/76-77   3   50  5   200   600
ダークダイズッコ  28-29/77-78   75  92  10  380   420
黒草老いどり  28-29/77-78   66  57  5   420   460
黒針老いどり  28-29/77-78   66  39  4   440   240
悪タツジン   29-30/78-79   86  88  14  660   350
悪だいふんかウニ  29-30/78-79   85  75  3   300   220
黒ホウオウ天狗   29-32/78-79   86  88  14  450   190
夜カイワレ大魔王  30-31/79-80   58  53  6   360   360
闇総長ヤンぴー   30-32/79-81   61  80  9   360   260
腹黒ガマドーン   31-32/80-81   85  65  8   20  260
闇バイオロイド   31-34/46-99   64  76  8   500   260
ダークみだれ大根  32-33/81-82   58  53  8   400   220
腐りにぎり元締   33-34/82-83   73  88  12  360   220
地獄の崩壊者  33-35/82-84   80  70  12  450   600
ダークエリズガゴン   34-35/83-84   79  80  11  330   420
闇ノロージョの婆  35-36/84-85   67  57  7   360   160
闇デスヘッド  35-38/84-87   88  100   10  450   500
悪アゲアゲハムポン   35-40/84-89   67  57  7   126   220
悪バイーンダイル  36-37/85-86   61  65  9   420   500
闇ももももざらし  36-39/85-88   90  70  7   3333  500
腹黒しょうめつトド   37-38/86-87   70  31  6   400   190
ダーク劇毒サソリ  37-38/86-87   86  85  14  520   420
闇テリブルラビ   37-38/86-87   61  60  6   400   220
闇おにぎりヒグマ  38-39/87-88   72  78  9   440   300
腐りにがぐりん   39-40/88-89   75  85  8   700   543
闇イカカイザー   39-41/88-90   57  90  5   540   190
悪アビスドラゴン  39-99   104   81  14  900   500
闇イッテツ戦車   40-41/89-90   66  60  6   500   260
闇ギタンマムル   40-42/50-99   68  88  8   600   500
エビルバシャーガ  41-51/90-99   100   90  13  600   600
ダークドドズドン  43-50/92-99   82  96  13  450   500
闇ひとくいデビル  51-59   60  70  5   15  500
闇むらぐいデビル  60-66   85  80  9   20  600
闇やまぐいデビル  67-70   110   90  13  25  900
闇しまぐいデビル  71-74   123   110   17  30  999
