闇ボウヤカート   1-2   14  5   2   3   8
悪コロン  1-2   14  5   2   3   6
悪チンタラ   1-3   14  5   2   3   4
闇ひまガッパ  1-3   14  5   2   3   7
闇マムル  1-5   24  14  3   22  15
ダークケダケー   1-45  70  60  6   2020  420
εＦＯ－ＵＺＺ   1-45  3   50  5   200   600
悪まわるポリゴン  2-3   25  18  3   26  13
腐りあまぐりん   2-4   55  30  1   70  35
悪ピョコダイル   3-4   24  12  3   22  14
闇うたたねバク   3-4   24  14  3   22  10
闇カラクロイド   4-5   10  8   1   2   25
暴れギャドン  4-5   10  5   1   4   18
闇ヤンぴー   4-5   10  5   1   10  40
闇すいだすゾウ   4-5   10  5   1   3   20
闇オヤジ戦車  6-7   20  18  2   24  18
闇イカキング  6-7   20  18  2   24  7
悪デブータ   6-7   20  18  2   50  30
闇フラッシュバード   6-7   20  16  2   24  13
ブラックミドロ   6-8   20  18  2   24  13
闇おにぎりクマ   6-8   20  18  2   24  20
欲タベラレルー   8-9   12  4   1   1   5
黒ガラ魔道士  8-9   22  16  2   22  18
悪スコッピー  8-9   22  16  2   22  20
悪ゲイズ  9-10  33  24  3   40  10
ダークおばけ大根  9-10  33  20  3   40  7
悪フワッティー   9-10  33  24  2   40  14
腐りにぎり見習い  9-11  33  24  4   40  15
闇ンドゥバ   10-11   35  32  4   56  20
悪中チンタラ  10-12   35  32  4   56  50
悪ヒーポフ   10-12   33  24  4   40  24
闇ノロージョ  10-12   32  24  3   34  18
悪フレフレハムポン   12  23  14  1   18  17
闇コガタナバチ   12-15   23  14  1   18  15
ダークタネッコ   13  35  30  4   56  35
闇もざらし   13  23  18  1   18  30
黒草子どり   13  23  14  1   18  10
黒針子どり   13  23  14  1   18  12
悪ピョンダイル   14-16   27  16  5   100   75
夜おばけカイワレ  14-16   35  30  3   43  36
闇あなぐらマムル  16-18   35  30  4   43  80
暴れギャイラス   16-18   51  42  6   230   80
闇クロスカート   17-18   35  30  4   43  18
黒ガラ中流魔道士  17-18   36  30  6   50  72
悪コロロン   17-18   50  33  3   90  60
腐りにぎり変化   19-20   47  43  5   120   20
悪スーパーゲイズ  19-20   47  39  4   120   35
悪デブーチョ  21-22   42  52  3   100   140
闇フィアーラビ   21-22   28  20  2   32  56
悪ばくだんウニ   22-23   40  18  0   35  49
悪おどるポリゴン  22-23   45  33  4   70  35
悪シャベッピー   22-23   37  28  4   210   100
悪パコレプキン   23-24   43  35  2   60  30
闇とりこむゾウ   23-24   43  35  5   60  60
腹黒ぬすっトド   24-25   48  28  2   130   5
闇イカだいおう   24-25   39  30  3   65  35
闇親衛ヤンぴー   24-25   48  53  2   50  80
闇いねむりバク   24-25   48  35  4   150   152
闇ガンコ戦車  25-26   45  32  3   130   35
闇いやすぎガッパ  25-26   38  35  3   50  25
悪ホノオポフ  25-26   43  35  5   80  45
ダークめまわし大根   26-27   37  24  4   100   100
εＦＯ－Ｕ   26-27   3   30  3   100   300
闇洞窟マムル  27-29   40  52  6   220   450
欲クダカレルー   27-29   13  10  1   1   6
闇ももざらし  27-29   55  45  3   1111  150
悪パコレプキーナ  28-29   53  45  5   120   100
闇ワキザシバチ   29-30   37  46  3   42  100
闇グレアバード   29-30   34  18  4   40  60
闇おにぎりアナグマ   29-30   34  50  4   100   75
闇ンドゥルー  30-31   45  45  5   150   50
黒草兄どり   30-31   43  26  2   90  160
黒針兄どり   30-31   37  24  2   100   84
黒ガラ上流魔道士  31-32   50  40  8   150   130
腹黒みどりトド   32-33   55  29  4   250   20
ダークアズキッコ  32-33   45  40  6   130   100
悪フカッティー   32-33   43  35  4   90  40
ブラックオドロ   32-34   52  29  4   100   130
黒ハヤブサ天狗   34-36   45  50  5   150   23
闇ノロージョの姉  35-36   39  30  4   120   35
腐りしぶぐりん   35-36/44  60  40  3   150   96
腹黒ガマグッチ   36-37   50  36  5   10  20
闇スチームロイド  36-37/44-45   42  36  3   180   100
悪コロコロン  37-38   60  46  4   180   120
悪ガンバレハムポン   37-38/45  47  27  5   36  60
夜カイワレ入道   38-40   37  40  4   140   190
悪ばくれつウニ   39-40   45  55  1   70  80
悪クワッピー  39-41   45  46  6   320   200
闇ホラーラビ  41-42   42  32  3   160   80
悪デブートン  41-43   62  72  4   250   220
悪パコレプキング  41-43   65  62  4   240   160
悪カエンポフ  42-43   65  62  9   160   100
闇ゴウジョウ戦車  44-45   47  50  4   260   130
闇くみこむゾウ   44-45   56  44  6   360   130
闇じゅくすいバク  44-45   65  42  6   300   256
欲トカサレルー   45  14  16  1   1   7
悪ハイパーゲイズ  45  53  50  5   240   100
