マムル   1-2   5   2   1   2   1
タネッコ  1-2   7   7   1   4   1
おばけカイワレ   1-3   5   2   1   3   2
コロン   2-3   7   7   1   4   2
コガタナバチ  3-4   28  10  1   5   4
あなぐらマムル   3-5   11  6   3   5   2
チンタラ  3-5   19  9   4   12  6
草子どり  4-6   28  10  1   5   3
針子どり  4-6   28  8   1   5   1
あまぐりん   4-7   16  11  5   15  4
ガマラ   6-7   23  12  7   18  1
にぎり見習い  6-8   23  12  7   18  6
カラクロイド  6-8   32  14  8   45  9
タイガーウッホ   7-9   32  16  10  45  10
ノロージョ   8-9/13-17   20  18  4   24  7
フィアーラビ  8-10/20   20  15  4   15  9
フワッティー  8-10/20-21  23  12  7   18  6
パコレプキン  9-13  35  20  12  43  24
ギャザー  9-10/13-15  28  19  10  45  20
ンドゥバ  10-11   32  16  8   16  8
うたたねバク  10-12/15-16   32  27  11  46  10
おばけ大根   11-14   42  15  12  49  8
毒サソリ  12-15   45  21  9   41  12
ミドロ   12/16-18  45  15  9   33  7
アイアンヘッド   12/16-18  55  19  11  55  15
マゼルン  13-15/23-24   40  15  6   15  8
ケンゴウ  16-18   45  15  9   36  40
コロロン  16-18/20-22   45  15  9   33  16
まわるポリゴン   16-17/20-24   45  15  9   33  11
中チンタラ   17-21   45  15  9   33  10
フレフレハムポン  17-23   34  10  7   28  5
ひまガッパ   19-21   50  18  11  48  7
イカキング   19-21   42  20  11  66  5
しぶぐりん   21-26   36  21  8   35  18
フォーリー   23-25   46  20  2   400   6
ワキザシバチ  24-26   46  27  14  165   100
ピョコダイル  24-26   50  22  10  50  9
フラッシュバード  24-27   33  16  11  75  9
ぬすっトド   25-26   43  14  9   50  3
ヤンぴー  25-29   36  22  15  170   6
スコッピー   25-29   43  16  11  75  9
アズキッコ   27-28   45  23  10  125   50
エリガン  27-29   58  32  16  220   50
ギャドン  28-29   55  17  11  165   19
草兄どり  28-30   60  25  11  160   40
針兄どり  28-30   60  20  10  100   20
カイワレ入道  29-31   60  22  10  14  80
スチームロイド   30-31   55  25  16  240   35
にぎり変化   30-32   55  20  11  124   60
ガマグッチ   30-32   47  26  15  215   5
ボウヤカート  30-32   43  20  11  75  2
ガラ魔道士   30-32   45  22  13  110   8
フカッティー  30-32/40/42   55  27  11  24  40
いねむりバク  31-32   80  50  15  480   89
すいだすゾウ  31-33   43  22  10  110   12
チェインヘッド   32-33   60  38  16  230   70
ノロージョの姉   33-34   40  22  10  110   20
ピョンダイル  33-35   60  48  15  480   40
処刑者   33-35   55  42  10  210   90
ゲドロ   34-36   55  17  11  54  20
カラス天狗   34-36   37  16  11  24  6
ヒーポフ  34-36   50  25  20  175   8
親衛ヤンぴー  34-36   49  33  17  450   90
からぐりん   34-36   57  52  16  150   270
クロスカート  36-37   56  28  17  180   7
ガンバレハムポン  37-38   45  15  10  50  20
とりこむゾウ  37-38   56  28  17  180   25
ホラーラビ   37-38   55  26  13  130   35
バリズドン   37-38   79  59  22  330   33
いやすぎガッパ   37-39   65  25  17  180   20
ガラ中流魔道士   37-39   56  26  17  360   25
ンドゥルー   38-39   70  34  17  360   20
カタナバチ   39-40   75  47  20  400   120
ドラゴン  39-40   75  42  22  560   50
キラーギャザー   39-41   55  37  20  270   90
シャーガ  39-41   70  44  25  480   100
クワッピー   40-42   66  40  20  550   130
マゼモン  41-42   70  34  20  360   20
パコレプキーナ   42-43   66  39  18  390   40
洞窟マムル   43-44   6   60  19  888   100
ハヤブサ天狗  43-44   55  17  11  66  20
おどるポリゴン   43-44   70  34  11  360   35
ホノオポフ   43-44   64  39  22  400   75
めまわし大根  43-44   46  23  16  260   20
鬼サソリ  43-45   70  45  22  480   30
タイガーウホホ   44-46   68  45  18  350   35
草親どり  44-46   74  49  17  640   210
針親どり  44-46   76  48  16  400   80
ガラ上流魔道士   45-46   62  32  20  800   60
ギャイラス   46-47   64  49  22  440   35
エリガガン   46-48   62  62  22  680   100
ゴロズドン   46-48   108   69  25  660   220
グレアバード  47-48   43  20  25  200   25
ナシャーガ   48-50   85  55  27  1060  200
スカイドラゴン   49-50   80  55  26  1600  120
ギガヘッド   49-53   65  58  25  650   200
じゅくすいバク   51-52   100   70  20  800   170
カイワレ魔王  51-53   88  44  24  680   240
ガラ貴族魔道士   51-54   73  45  21  1000  100
断罪者   51-54   73  55  21  680   240
たまらんガッパ   52-53   77  48  20  800   60
モコッティー  52-54   73  45  21  900   80
オドロ   52-56   77  40  20  150   30
ケダッチョ   53  118   51  18  1050  150
しびれサソリ  54-55   80  60  25  1100  80
ゴオオポフ   54-55   85  70  26  2650  80
貫通カート   54-56   74  50  22  1100  15
タイガーウホーン  55-57   71  58  24  850   60
ノロージョの母   56-58   54  34  21  820   60
パコレプキング   56-58   77  52  20  850   80
ドレッドラビ  56-58   71  42  20  850   80
ももももざらし   56-58   90  37  15  670   100
ガマゴン  57-59   67  40  20  850   20
くみこむゾウ  57-59   71  42  20  850   50
アイアントド  58-60   71  42  13  850   40
ラシャーガ   58-60   106   70  32  1980  300
物荒らし  59-60   54  34  21  820   40
ギャンドラー  59-60   83  59  27  1200  80
副総長ヤンぴー   59-61   78  60  21  1200  180
ダイトウバチ  60-61   83  63  27  1200  250
うたうポリゴン   60-63   76  55  25  820   60
草老いどり   61-62   94  80  22  1060  390
針老いどり   61-62   94  60  20  860   140
ツインクルバード  61-63   54  34  28  820   80
ビカズドン   61-63   137   79  28  1280  400
シハン   62-64   75  55  30  1500  250
アゲアゲハムポン  63-65   65  39  20  790   50
ポヨッティー  63-66   92  82  28  4200  170
ハイパーゲイズ   63-67   83  42  24  1300  80
おにぎりツキノワ  64-65   69  52  29  700   250
にがぐりん   64-66   65  70  22  400   430
ふんかウニ   65-66   83  48  9   1600  100
ホウオウ天狗  66-68   70  34  25  360   100
ねむり大根   67-68   61  39  20  790   80
とうみんバク  68-69   120   90  27  1150  300
ダイズッコ   68-70   83  70  27  1250  250
チドロ   69-72   83  50  24  950   50
マゼドン  70-71   92  82  35  2200  100
特大チンタラ  70-72   92  82  28  3600  300
ヘルギャザー  70-72   70  62  30  1340  300
ンバルーン   70-73   92  60  28  3200  80
エリガゴン   71-75   96  80  40  3000  200
バイオロイド  72-74   96  80  40  3950  300
だいふんかウニ   73-74   96  70  10  2300  130
ノロージョの婆   73-76   78  39  24  1800  130
ユンピー  73-76   86  85  35  2345  345
大物荒らし   75-76   78  39  24  1800  90
トリコマレルー   75-76   11  15  1   1   4
破壊者   75-79   80  65  24  1900  480
テリブルラビ  76-79   83  53  30  1200  200
パコレプゴッド   77-79   84  80  24  2500  170
バイーンダイル   77-79   95  88  29  4300  500
おにぎりヒグマ   77-80   78  62  39  1200  300
イカカイザー  78-79   85  72  30  2200  200
コロコロコロン   78-80   130   75  22  1300  330
ギタンマムル  80-82   12  84  38  5500  444
ガマドーン   80-82   80  55  17  1000  100
おてあげガッパ   80-83   89  63  30  1700  170
ひきこむゾウ  80-83   76  59  28  1400  170
アークドラゴン   80-85   92  82  30  3333  240
ＦＯ－Ｕβ   80-85   3   35  13  111   50
ギャンドロン  83-88   95  75  36  2800  200
らんぶポリゴン   84-85   86  65  28  1400  200
シャインバード   84-85   76  59  33  1400  170
タイガーウボッホ  84-86   93  72  32  2000  170
デブーゴン   85-88   86  85  35  3700  400
ドドズドン   85-88   165   90  35  2222  600
にぎり元締   86-88   97  69  30  3750  170
総長ヤンぴー  86-89   97  71  35  3200  250
ＦＯ－Ｕ  86-90   4   39  15  444   150
ゲンナマゲイズ   89-99   93  62  38  1850  130
エリズガゴン  89-99   100   103   48  5000  400
タツジン  90-92   100   85  36  3300  400
バシャーガ   90-99   120   88  42  4500  400
ＦＯ－ＵＺ   91-95   5   42  17  888   300
イッテツ戦車  93-98   86  62  20  3200  200
劇毒サソリ   95-99   95  89  36  2700  170
フォールギャザー  96-99   85  80  35  3200  600
ＦＯ－ＵＺＺ  96-99   6   80  40  5555  777
