タグ屋   1-4   100   5   5   0   0
小次郎太さま  1-5   50  30  12  0   0
ゲンさん  1-5   75  13  10  0   0
タオ  1-5   50  15  8   0   0
おコン   1-5   35  15  10  0   0
コハル   1-5   40  15  10  0   0
ガチャガッチャン  1-5   100   5   5   0   0
初級マスター  1-5   100   5   5   0   0
中級マスター  1-5   100   5   5   0   0
娘(1)  1-5   100   5   5   0   0
かじ職人  1-5   100   5   5   0   0
かじ営業  1-5   100   5   5   0   0
行商人   1-5   100   5   5   0   0
チロロ   1-5   100   5   5   0   0
メッキー  1-5   100   5   5   0   0
爺(2)  1-5   100   5   10  0   0
若者  1-5   100   5   5   0   0
娘(2)  1-5   100   5   5   0   0
男   1-5   100   5   5   0   0
鑑定士   1-5   100   5   5   0   0
