マムル   1-2   5   2   1   2   1
タネッコ  1-2   7   7   1   4   1
おばけカイワレ   1-3   5   2   1   3   2
コロン   2-3   7   7   1   4   2
コガタナバチ  3-4   28  10  1   5   4
あなぐらマムル   3-5   11  6   3   5   2
チンタラ  3-5   19  9   4   12  6
草子どり  3-5   28  10  1   5   3
針子どり  3-5   28  8   1   5   1
あまぐりん   4-5   16  11  5   15  4
ガマラ   6-7   23  12  7   18  1
にぎり見習い  6-8   23  12  7   18  6
カラクロイド  6-8   32  14  8   45  9
フワッティー  6-8   23  12  7   18  6
もざらし  6-8   60  10  6   25  4
タイガーウッホ   7-9   32  16  10  45  10
ノロージョ   8-9   20  18  4   24  7
フィアーラビ  8-9   20  15  4   15  9
マゼルン  8-10  40  15  6   15  8
オヤジ戦車   8-10  40  25  12  120   12
ギャザー  9-10  28  19  10  45  20
ンドゥバ  10-11   32  16  8   16  8
パコレプキン  10-12   35  20  12  43  24
おにぎりクマ  10-12   25  15  8   35  18
うたたねバク  10-12   32  27  11  46  10
おばけ大根   11-12   42  15  12  49  8
ケンゴウ  12  45  15  9   36  40
ミドロ   12  45  15  9   33  7
アイアンヘッド   12  55  19  11  55  15
毒サソリ  12  45  21  9   41  12
中チンタラ   13  45  15  9   33  10
まわるポリゴン   13-14   45  15  9   33  11
コロロン  13-14   45  15  9   33  16
しぶぐりん   13-14   36  21  8   35  18
クダカレルー  13-15   9   9   1   1   2
フレフレハムポン  13-15   34  10  7   28  5
イカキング   14-16   42  20  11  66  5
ももざらし   15-16   70  17  8   40  12
ひまガッパ   15-17   50  18  11  48  7
フォーリー   15-17   46  20  2   400   6
ワキザシバチ  16-18   46  27  14  165   100
ヤンぴー  16-18   36  22  15  170   6
ピョコダイル  16-18   50  22  10  50  9
ぬすっトド   17-18   43  14  9   50  3
フラッシュバード  17-18   33  16  11  75  9
スコッピー   17-19   43  16  11  75  9
ガンコ戦車   18-20   60  37  15  400   75
アズキッコ   19-20   45  23  10  125   50
ガラ魔道士   19-21   45  22  13  110   8
エリガン  19-21   58  32  16  220   50
草兄どり  20-22   60  25  11  160   40
針兄どり  20-22   60  20  10  100   20
みどりトド   21-23   55  17  11  240   10
カイワレ入道  21-23   60  22  10  14  80
にぎり変化   22-23   55  20  11  124   60
スチームロイド   22-23   55  25  16  240   35
フカッティー  22-24   55  27  11  24  40
ガマグッチ   23-24   47  26  15  215   5
ボウヤカート  23-24   43  20  11  75  2
ギャドン  23-24   55  17  11  165   19
おにぎりアナグマ  23-24   55  40  18  350   120
いねむりバク  23-24   80  50  15  480   89
すいだすゾウ  23-25   43  22  10  110   12
チェインヘッド   24-25   60  38  16  230   70
ノロージョの姉   25-26   40  22  10  110   20
ピョンダイル  25-27   60  48  15  480   40
処刑者   25-27   55  42  10  210   90
ゲドロ   26-28   55  17  11  54  20
カラス天狗   26-28   37  16  11  24  6
ヒーポフ  26-28   50  25  20  175   8
親衛ヤンぴー  26-28   49  33  17  450   90
シャベッピー  26-28   49  23  17  190   45
ばくだんウニ  27-29   62  14  7   15  7
クロスカート  28-29   56  28  17  180   7
ガンバレハムポン  29-30   45  15  10  50  20
とりこむゾウ  29-30   56  28  17  180   25
ホラーラビ   29-30   55  26  13  130   35
バリズドン   29-30   79  59  22  330   33
いやすぎガッパ   29-31   65  25  17  180   20
ガラ中流魔道士   29-31   56  26  17  360   25
ンドゥルー   30-31   70  34  17  360   20
マゼモン  31-33   70  34  20  360   20
キラーギャザー   31-33   55  37  20  270   90
カタナバチ   31-33   75  47  20  400   120
ドラゴン  31-33   75  42  22  560   50
シャーガ  31-33   70  44  25  480   100
ゴウジョウ戦車   33-35   83  48  19  1600  80
おどるポリゴン   34-35   70  34  11  360   35
めまわし大根  34-35   46  23  16  260   20
パコレプキーナ   34-35   66  39  18  390   40
ハヤブサ天狗  34-36   55  17  11  66  20
ホノオポフ   34-36   64  39  22  400   75
洞窟マムル   35-36   6   60  19  888   100
鬼サソリ  35-37   70  45  22  480   30
タイガーウホホ   36-38   68  45  18  350   35
草親どり  36-38   74  49  17  640   210
針親どり  36-38   76  48  16  400   80
ガラ上流魔道士   37-38   62  32  20  800   60
ギャイラス   38-39   64  49  22  440   35
エリガガン   38-40   62  62  22  680   100
ゴロズドン   38-41   108   69  25  660   220
グレアバード  39-40   43  20  25  200   25
ナシャーガ   40-42   85  55  27  1060  200
もももざらし  40-43   80  26  10  400   80
ギガヘッド   41-43   65  58  25  650   200
スカイドラゴン   41-43   80  55  26  1600  120
にぎり親方   44-45   66  40  20  550   125
ばくれつウニ  44-45   72  18  8   200   60
イカエンペラー   44-45   65  55  24  1300  50
ナッツッコ   44-45   57  51  16  850   90
ファイトハムポン  44-45   55  22  15  130   30
からぐりん   44-45   57  52  16  150   270
大チンタラ   45  65  30  11  100   40
トカサレルー  45  10  10  1   1   3
