闇ボウヤカート   1-2   14  5   2   3   8
悪コロン  1-2   14  5   2   3   6
悪チンタラ   1-3   14  5   2   3   4
闇ひまガッパ  1-3   14  5   2   3   7
闇マムル  1-5   24  14  3   22  15
悪まわるポリゴン  2-3   25  18  3   26  13
腐りあまぐりん   2-4   55  30  1   70  35
悪ピョコダイル   3-4   24  12  3   22  14
闇うたたねバク   3-4   24  14  3   22  10
ダークウッホ  3-6   16  9   1   10  18
闇カラクロイド   4-5   10  8   1   2   25
暴れギャドン  4-5   10  5   1   4   18
闇ヤンぴー   4-5   10  5   1   10  40
闇すいだすゾウ   4-5   10  5   1   3   20
闇オヤジ戦車  6-7   20  18  2   24  18
闇イカキング  6-7   20  18  2   24  7
悪デブータ   6-7   20  18  2   50  30
闇フラッシュバード   6-7   20  16  2   24  13
地獄の処刑者  6-7   20  18  2   24  30
闇おにぎりクマ   6-8   20  18  2   24  20
欲タベラレルー   8-9   12  4   1   1   5
黒ガラ魔道士  8-9   22  16  2   22  18
悪スコッピー  8-9   22  16  2   22  20
悪ゲイズ  9-10  33  24  3   40  10
ダークおばけ大根  9-10  33  20  3   40  7
ダークエリガン   9-10  33  24  4   40  24
悪フワッティー   9-10  33  24  2   40  14
腐りにぎり見習い  9-11  33  24  4   40  15
闇ンドゥバ   10-11   35  32  4   56  20
悪中チンタラ  10-12   35  32  4   56  50
悪ヒーポフ   10-12   33  24  4   40  24
闇コガタナバチ   12  23  14  1   18  15
悪フレフレハムポン   12  23  14  1   18  17
ダークタネッコ   13  35  30  4   56  35
闇もざらし   13  23  18  1   18  30
黒草子どり   13  23  14  1   18  10
黒針子どり   13  23  14  1   18  12
ダークマゼルン   14-16   45  20  4   43  25
悪ピョンダイル   14-16   27  16  5   100   75
夜おばけカイワレ  14-16   35  30  3   43  36
闇あなぐらマムル  16-18   35  30  4   43  80
暴れギャイラス   16-18   51  42  6   230   80
黒ガラ中流魔道士  17-18   36  30  6   50  72
悪コロロン   17-18   50  33  3   90  60
闇クロスカート   17-19   35  30  4   43  18
腐りにぎり変化   19-20   47  43  5   120   20
悪スーパーゲイズ  19-20   47  39  4   120   35
ダークバリズドン  19-20   47  43  4   120   40
悪ギャザー   19-21   32  24  3   34  40
悪ドラゴン   19-21   32  24  3   100   100
悪デブーチョ  21-22   42  52  3   100   140
闇フィアーラビ   21-22   28  20  2   32  56
エビルナシャーガ  21-23   65  70  7   320   300
悪ばくだんウニ   22-23   40  18  0   35  49
悪おどるポリゴン  22-23   45  33  4   70  35
悪シャベッピー   22-23   37  28  4   210   100
ダークウホホ  22-24   52  45  6   130   35
悪パコレプキン   23-24   43  35  2   60  30
闇とりこむゾウ   23-24   43  35  5   60  60
闇親衛ヤンぴー   24-25   48  53  2   50  80
闇いねむりバク   24-25   48  35  4   150   152
闇イカだいおう   24-25/50-51   39  30  3   65  35
闇ガンコ戦車  25-26   45  32  3   130   35
闇いやすぎガッパ  25-26   38  35  3   50  25
悪ホノオポフ  25-26   43  35  5   80  45
ダークめまわし大根   26-27   37  24  4   100   100
εＦＯ－Ｕ   26-27   3   30  3   100   300
闇洞窟マムル  27-29   40  52  6   220   450
欲クダカレルー   27-29   13  10  1   1   6
闇ももざらし  27-29   55  45  3   1111  150
悪パコレプキーナ  28-29   53  45  5   120   100
闇ワキザシバチ   29-30   37  46  3   42  100
闇グレアバード   29-30   34  18  4   40  60
闇おにぎりアナグマ   29-30   34  50  4   100   75
腐りしぶぐりん   29-31/35-37   60  40  3   150   96
闇ンドゥルー  30-31   45  45  5   150   50
黒草兄どり   30-31   43  26  2   90  160
黒針兄どり   30-31   37  24  2   100   84
黒ガラ上流魔道士  31-32   50  40  8   150   130
悪イアイ  31-33   47  22  2   220   140
ダーク鬼サソリ   32-33   65  55  5   100   180
ダークアズキッコ  32-33   45  40  6   130   100
悪フカッティー   32-33   43  35  4   90  40
悪キラーギャザー  33-34   47  40  4   200   260
ダークエリガガン  34-35   45  38  5   150   100
地獄の断罪者  34-35   45  38  3   150   130
黒ハヤブサ天狗   34-36   45  50  5   150   23
悪スカイドラゴン  34-36   55  38  5   300   200
腹黒ガマグッチ   36-37   50  36  5   10  20
闇スチームロイド  36-37/44-45   42  36  3   180   100
悪コロコロン  37-38   60  46  4   180   120
悪ガンバレハムポン   37-38/45-46   47  27  5   36  60
ダークマゼモン   38-39   60  40  6   230   80
闇チェインヘッド  38-39   66  59  7   150   140
夜カイワレ入道   38-40   37  40  4   140   190
悪クワッピー  39-41   45  46  6   320   200
悪ばくれつウニ   39-40/47-48   45  55  1   70  80
ダークウホーン   40-42   65  66  9   260   220
闇ホラーラビ  41-42   42  32  3   160   80
悪デブートン  41-43   62  72  4   250   220
悪パコレプキング  41-43   65  62  4   240   160
悪カエンポフ  42-43   65  62  9   160   100
闇じゅくすいバク  44-45   65  42  6   300   256
闇ゴウジョウ戦車  44-46   47  50  4   260   130
闇くみこむゾウ   44-46   56  44  6   360   130
欲トカサレルー   45-46   14  16  1   1   7
悪ハイパーゲイズ  45-46   53  50  5   240   100
ダークマゼゴン   46-47   72  60  10  460   130
暴れギャンドラー  46-47   65  60  9   360   160
闇カタナバチ  47-48   48  55  4   225   260
ダークゴロズドン  47-48   78  75  5   200   220
εＦＯ－ＵＺ  48-49   3   40  4   130   450
悪シハン  49-50   68  50  3   440   260
闇物荒らし   49-50   58  30  4   350   80
ダークナッツッコ  49-50   63  60  8   260   260
闇ンバマ  50-51   63  60  8   300   160
闇たまらんガッパ  50-51   63  55  5   100   60
腐りからぐりん   50-52/61-63   65  76  5   320   350
悪ヘルギャザー   51-53   56  60  5   450   350
悪うたうポリゴン  52-53   63  60  8   150   80
闇ツインクルバード   52-53   63  55  7   120   130
ダークエリガゴン  53-54   70  69  10  220   180
闇副総長ヤンぴー  53-55   56  75  4   150   160
黒草親どり   53-55   56  43  3   250   300
黒針親どり   53-55   58  22  3   220   110
悪大チンタラ  54-56   50  56  8   380   220
闇吹き飛びカート  54-56   50  41  8   86  35
ダークねむり大根  55-56   56  45  6   200   170
夜カイワレ魔王   55-57   56  50  5   280   270
ダークしびれサソリ   56-57   75  65  6   260   260
悪アークドラゴン  56-57   93  65  12  600   300
腹黒ガマゴン  57-59   70  50  6   15  90
悪ファイトハムポン   57-59   50  36  5   100   130
悪モコッティー   57-59   55  47  5   150   90
腐りにぎり親方   58-59   63  55  7   240   45
闇ギガヘッド  58-60/75-76   74  72  9   300   260
悪ふんかウニ  59-60   75  66  2   150   160
地獄の破壊者  59-60   60  56  5   300   320
欲トリコマレルー  60-61   15  17  1   1   8
悪ボヨンダイル   60-61   57  53  7   220   180
ダークマゼドン   60-62   90  86  12  780   220
闇イカエンペラー  61-62   55  56  4   270   100
悪ゴオオポフ  61-63   73  71  11  320   190
闇もももざらし   62-64   80  55  5   2222  300
闇エレキロイド   63-64   53  53  5   360   190
悪パコレプゴッド  64-66   77  70  9   380   260
闇ドレッドラビ   64-66   45  44  5   320   130
闇おにぎりツキノワ   65-67   63  60  8   220   180
ダークケダケー   65-67   70  60  6   2020  420
ダークウボッホ   66-67   73  75  11  520   300
黒イヌワシ天狗   66-68   73  60  11  300   70
暴れギャンドロン  67-68   70  86  10  480   220
黒ガラ貴族魔道士  67-69   70  66  10  400   190
悪コロコロコロン  67-69   70  66  5   360   450
悪らんぶポリゴン  68-69   72  78  10  300   160
エビルラシャーガ  69-70   80  80  9   480   400
闇ンバルーン  70-71   72  70  9   450   260
悪デブーゴン  70-71   74  85  6   500   350
闇とうみんバク   70-71   102   57  8   450   484
闇ダイトウバチ   71-72   52  76  5   335   350
悪ユンピー   71-72   52  56  8   420   300
闇貫通カート  72-73   75  70  9   150   80
闇ひきこむゾウ   72-74   72  78  9   444   220
悪特大チンタラ   73-74   63  75  16  500   300
悪フォールギャザー   73-74   68  77  6   600   500
悪ゲンナマゲイズ  73-74   59  70  6   390   260
ダークビカズドン  74-75   72  78  9   300   300
闇大物荒らし  75-76   66  57  5   700   190
闇おてあげガッパ  75-76   66  75  8   200   160
闇シャインバード  75-76   86  75  14  240   190
悪ポヨッティー   75-76   86  88  14  300   150
εＦＯ－ＵＺＺ   76-77   3   50  5   200   600
ダークダイズッコ  77-78   75  92  10  380   420
黒草老いどり  77-78   66  57  5   420   460
黒針老いどり  77-78   66  39  4   440   240
悪タツジン   78-79   86  88  14  660   350
悪だいふんかウニ  78-79   85  75  3   300   220
黒ホウオウ天狗   78-79   86  88  14  450   190
夜カイワレ大魔王  79-80   58  53  6   360   360
闇総長ヤンぴー   79-81   61  80  9   360   260
腹黒ガマドーン   80-81   85  65  8   20  260
闇バイオロイド   80-83   64  76  8   500   260
ダークみだれ大根  81-82   58  53  8   400   220
腐りにぎり元締   82-83   73  88  12  360   220
地獄の崩壊者  82-84   80  70  12  450   600
ダークエリズガゴン   83-84   79  80  11  330   420
闇デスヘッド  84-87   88  100   10  450   500
悪アゲアゲハムポン   84-89   67  57  7   126   220
悪バイーンダイル  85-86   61  65  9   420   500
闇ももももざらし  85-88   90  70  7   3333  500
腐りにがぐりん   85-89   75  85  8   700   543
ダーク劇毒サソリ  86-87   86  85  14  520   420
闇テリブルラビ   86-87   61  60  6   400   220
闇おにぎりヒグマ  87-88   72  78  9   440   300
闇イカカイザー   88-90   57  90  5   540   190
悪アビスドラゴン  88-99   104   81  14  900   500
闇イッテツ戦車   89-90   66  60  6   500   260
闇ギタンマムル   89-91   68  88  8   600   500
エビルバシャーガ  90-99   100   90  13  600   600
ダークドドズドン  92-99   82  96  13  450   500
