マムル   1-2   5   2   1   2   1
タネッコ  1-2   7   7   1   4   1
おばけカイワレ   1-3   5   2   1   3   2
コガタナバチ  2-3   28  10  1   5   4
コロン   2-3   7   7   1   4   2
針子どり  2-4   28  8   1   5   1
あなぐらマムル   3   11  6   3   5   2
チンタラ  3-5   19  9   4   12  6
にぎり見習い  5-7   23  12  7   18  6
ガマラ   5-7   23  12  7   18  1
ンドゥバ  5-8   32  16  8   16  8
もざらし  6-8   60  10  6   25  4
タイガーウッホ   7-8   32  16  10  45  10
カラクロイド  7-8   32  14  8   45  9
ギャザー  7-9   28  19  10  45  20
パコレプキン  7-9   35  20  12  43  24
ノロージョ   7-10  20  18  4   24  7
フィアーラビ  7-10  20  15  4   15  9
毒サソリ  8-11  45  21  9   41  12
ケンゴウ  9-10  45  15  9   36  40
ミドロ   9-12  45  15  9   33  7
フォーリー   9-17/70-75/95-97  46  20  2   400   6
アイアンヘッド   10-12   55  19  11  55  15
おにぎりクマ  10-12   25  15  8   35  18
うたたねバク  10-12   32  27  11  46  10
おばけ大根   11-13   42  15  12  49  8
ピョコダイル  11-13   50  22  10  50  9
中チンタラ   13  45  15  9   33  10
まわるポリゴン   13-14   45  15  9   33  11
コロロン  13-14   45  15  9   33  16
マゼルン  13-15   40  15  6   15  8
ヤンぴー  13-15   36  22  15  170   6
フレフレハムポン  13-15   34  10  7   28  5
タベラレルー  13-15/21-23/32-34/50-52/80-82   8   4   1   1   1
イカキング   14-16   42  20  11  66  5
ワキザシバチ  14-16   46  27  14  165   100
ひまガッパ   15-17   50  18  11  48  7
ももざらし   15-17   70  17  8   40  12
カイワレ入道  15-17   60  22  10  14  80
ぬすっトド   17-18   43  14  9   50  3
フラッシュバード  17-18   33  16  11  75  9
スコッピー   17-19   43  16  11  75  9
アズキッコ   19-20   45  23  10  125   50
ガラ中流魔道士   19-21   56  26  17  360   25
エリガン  19-21   58  32  16  220   50
いねむりバク  20-21   80  50  15  480   89
針兄どり  20-22   60  20  10  100   20
処刑者   20-24   55  42  10  210   90
みどりトド   21-23   55  17  11  240   10
にぎり変化   22-23   55  20  11  124   60
スチームロイド   22-23   55  25  16  240   35
イアイ   22-24   67  29  24  730   90
フカッティー  22-24   55  27  11  24  40
ノロージョの姉   22-26   40  22  10  110   20
ガマグッチ   23-24   47  26  15  215   5
ギャドン  23-24   55  17  11  165   19
おにぎりアナグマ  23-24   55  40  18  350   120
ガンコ戦車   23-25   60  37  15  400   75
チェインヘッド   23-25   60  38  16  230   70
すいだすゾウ  23-25   43  22  10  110   12
ピョンダイル  25-27   60  48  15  480   40
ンドゥルー   25-28   70  34  17  360   20
クロスカート  26-28   56  28  17  180   7
ゲドロ   26-28   55  17  11  54  20
カラス天狗   26-28   37  16  11  24  6
親衛ヤンぴー  26-28   49  33  17  450   90
ばくだんウニ  27-29   62  14  7   15  7
バリズドン   27-30   79  59  22  330   33
シャベッピー  28-32   49  23  17  190   45
ガンバレハムポン  29-30   45  15  10  50  20
とりこむゾウ  29-30   56  28  17  180   25
ホラーラビ   29-30   55  26  13  130   35
いやすぎガッパ   29-31   65  25  17  180   20
ガラ上流魔道士   29-31/37-38   62  32  20  800   60
マゼモン  31-33   70  34  20  360   20
キラーギャザー   31-33   55  37  20  270   90
カタナバチ   31-33   75  47  20  400   120
シャーガ  31-33   70  44  25  480   100
めまわし大根  31-35   46  23  16  260   20
ゴウジョウ戦車   33-35   83  48  19  1600  80
鬼サソリ  34-35   70  45  22  480   30
ハヤブサ天狗  34-36   55  17  11  66  20
おどるポリゴン   34-36   70  34  11  360   35
パコレプキーナ   34-36   66  39  18  390   40
洞窟マムル   35-36   6   60  19  888   100
針親どり  36-38   76  48  16  400   80
タイガーウホホ   36-39   68  45  18  350   35
ギャイラス   36-40   64  49  22  440   35
ギガヘッド   36-42   65  58  25  650   200
グレアバード  38-40   43  20  25  200   25
エリガガン   38-40   62  62  22  680   100
ゴロズドン   38-41   108   69  25  660   220
ナシャーガ   40-42   85  55  27  1060  200
もももざらし  40-43   80  26  10  400   80
大チンタラ   40-46   65  30  11  100   40
スカイドラゴン   41-43   80  55  26  1600  120
イカエンペラー   43-46   65  55  24  1300  50
にぎり親方   43-47   66  40  20  550   125
ばくれつウニ  44-46   72  18  8   200   60
ナッツッコ   44-46   57  51  16  850   90
ファイトハムポン  44-46   55  22  15  130   30
トカサレルー  45-46   10  10  1   1   3
ボヨンダイル  46-48   77  63  22  1100  150
スーパーゲイズ   46-51   66  35  20  550   15
イヌワシ天狗  47-49   65  26  13  130   60
吹き飛びカート   47-51   65  38  20  600   9
コロコロン   48-50   66  40  18  550   150
クワッピー   48-52   66  40  20  550   130
エレキロイド  49-50   65  38  20  770   80
デブートン   49-50   75  52  20  1600  200
ンバマ   50-51   77  48  22  800   40
マゼゴン  50-51   77  48  25  800   50
じゅくすいバク   50-52   100   70  20  800   170
モコッティー  51-54   73  45  21  900   80
断罪者   51-54   73  55  21  680   240
カイワレ魔王  52-53   88  44  24  680   240
たまらんガッパ   52-57   77  48  20  800   60
ガラ貴族魔道士   52-54/80-82   73  45  21  1000  100
ケダッチョ   53  118   51  18  1050  150
オドロ   53-54   77  40  20  150   30
しびれサソリ  54-55   80  60  25  1100  80
貫通カート   54-59   74  50  22  1100  15
タイガーウホーン  55-60   71  58  24  850   60
ノロージョの母   56-58   54  34  21  820   60
パコレプキング   56-58   77  52  20  850   80
ドレッドラビ  56-58   71  42  20  850   80
ももももざらし   56-58   90  37  15  670   100
ガマゴン  57-59   67  40  20  850   20
くみこむゾウ  57-59   71  42  20  850   50
ギャンドラー  57-64   83  59  27  1200  80
ラシャーガ   58-60   106   70  32  1980  300
シハン   58-63   75  55  30  1500  250
物荒らし  59-60   54  34  21  820   40
副総長ヤンぴー   59-61   78  60  21  1200  180
アイアントド  59-62   71  42  13  850   40
ダイトウバチ  60-63   83  63  27  1200  250
針老いどり   61-62   94  60  20  860   140
うたうポリゴン   61-63   76  55  25  820   60
ツインクルバード  61-63   54  34  28  820   80
ビカズドン   61-63   137   79  28  1280  400
アゲアゲハムポン  63-65   65  39  20  790   50
ポヨッティー  63-66   92  82  28  4200  170
チドロ   63-69   83  50  24  950   50
おにぎりツキノワ  64-65   69  52  29  700   250
ふんかウニ   65-66   83  48  9   1600  100
ハイパーゲイズ   65-67   83  42  24  1300  80
ホウオウ天狗  66-68   70  34  25  360   100
ねむり大根   67-68   61  39  20  790   80
とうみんバク  68-71   120   90  27  1150  300
ダイズッコ   68-73   83  70  27  1250  250
カイワレ大魔王   68-76   99  85  38  1580  345
特大チンタラ  70-72   92  82  28  3600  300
ヘルギャザー  70-72   70  62  30  1340  300
ンバルーン   70-73   92  60  28  3200  80
エリガゴン   71-73   96  80  40  3000  200
ＦＯ－ＵＺＺ  72-73   6   80  40  5555  777
バイオロイド  72-74   96  80  40  3950  300
だいふんかウニ   73-74   96  70  10  2300  130
ノロージョの婆   73-75   78  39  24  1800  130
デブーゴン   74-77   86  85  35  3700  400
大物荒らし   75-76   78  39  24  1800  90
トリコマレルー   75-76   11  15  1   1   4
破壊者   75-78   80  65  24  1900  480
バイーンダイル   75-79   95  88  29  4300  500
イカカイザー  76-79   85  72  30  2200  200
劇毒サソリ   77-78   95  89  36  2700  170
テリブルラビ  77-78   83  53  30  1200  200
パコレプゴッド   77-79   84  80  24  2500  170
ギャンドロン  78-83   95  75  36  2800  200
おにぎりヒグマ   79-80   78  62  39  1200  300
ギタンマムル  80-82   12  84  38  5500  444
ガマドーン   80-82   80  55  17  1000  100
ひきこむゾウ  80-83   76  59  28  1400  170
おてあげガッパ   80-85   89  63  30  1700  170
シャインバード   80-85   76  59  33  1400  170
デスヘッド   81-83   73  90  35  3800  500
らんぶポリゴン   81-85   86  65  28  1400  200
ケダケー  82-83   128   63  25  2450  320
総長ヤンぴー  85-90   97  71  35  3200  250
ドドズドン   85-91   165   90  35  2222  600
タイガーウボッホ  85-92   93  72  32  2000  170
にぎり元締   86-88   97  69  30  3750  170
ゲンナマゲイズ   86-91   93  62  38  1850  130
しょうめつトド   87-89   80  61  15  1900  80
フォールギャザー  89-96   85  80  35  3200  600
エリズガゴン  89-99   100   103   48  5000  400
タツジン  90-97   100   85  36  3300  400
みだれ大根   90-99   75  50  26  1300  170
イッテツ戦車  98-99   86  62  20  3200  200
