エレキロイド  1   65  38  20  770   80
コロコロン   1   66  40  18  550   150
ンバマ   1-2   77  48  22  800   40
マゼゴン  1-2   77  48  25  800   50
吹き飛びカート   1-2   65  38  20  600   9
じゅくすいバク   1-3/52  100   70  20  800   170
デブートン   2   75  52  20  1600  200
断罪者   2-5   73  55  21  680   240
たまらんガッパ   2-4/52-53   77  48  20  800   60
モコッティー  2-5/52-54   73  45  21  900   80
カイワレ魔王  3-4/52-53   88  44  24  680   240
ガラ貴族魔道士   3-5/52-54/70-99   73  45  21  1000  100
ケダッチョ   4/53  118   51  18  1050  150
オドロ   4-5/53-54   77  40  20  150   30
しびれサソリ  5-6   80  60  25  1100  80
貫通カート   5-7/54-56   74  50  22  1100  15
タイガーウホーン  6-12  71  58  24  850   60
パコレプキング   7-9   77  52  20  850   80
ノロージョの母   7-9/56-58   54  34  21  820   60
ドレッドラビ  7-9/56-58   71  42  20  850   80
ももももざらし   7-9/56-58   90  37  15  670   100
ガマゴン  8-10/57-59  67  40  20  850   20
くみこむゾウ  8-10/57-59  71  42  20  850   50
ラシャーガ   9-11/58-60  106   70  32  1980  300
ギャンドラー  10-11   83  59  27  1200  80
副総長ヤンぴー   10-12   78  60  21  1200  180
物荒らし  10-11/59-60   54  34  21  820   40
アイアントド  10-11/59-60   71  42  13  850   40
ダイトウバチ  11-12   83  63  27  1200  250
草老いどり   12-13/61-62   94  80  22  1060  390
針老いどり   12-13/61-62   94  60  20  860   140
うたうポリゴン   12-14/61-63   76  55  25  820   60
ツインクルバード  12-14/61-63   54  34  28  820   80
ビカズドン   12-14/61-63   137   79  28  1280  400
シハン   13-15   75  55  30  1500  250
アゲアゲハムポン  14-16/63-65   65  39  20  790   50
ポヨッティー  14-17/63-66   92  82  28  4200  170
おにぎりツキノワ  15-16   69  52  29  700   250
にがぐりん   15-17/64-66   65  70  22  400   430
ふんかウニ   16-17/65-66   83  48  9   1600  100
ハイパーゲイズ   16-18/64-67   83  42  24  1300  80
ホウオウ天狗  17-19/66-68   70  34  25  360   100
アークドラゴン   17-19/66-68   92  82  30  3333  240
ねむり大根   18-19/67-69   61  39  20  790   80
ダイズッコ   19-21   83  70  27  1250  250
とうみんバク  19-20/68-69   120   90  27  1150  300
チドロ   20-23/69-72   83  50  24  950   50
ヘルギャザー  21-23   70  62  30  1340  300
マゼドン  21-22/70-71   92  82  35  2200  100
特大チンタラ  21-23/70-72   92  82  28  3600  300
ンバルーン   21-24/75-78   92  60  28  3200  80
トリコマレルー   22-27   11  15  1   1   4
エリガゴン   22-24/71-73   96  80  40  3000  200
ＦＯ－ＵＺＺ  23-24/72-73   6   80  40  5555  777
バイオロイド  23-25/46-99   96  80  40  3950  300
だいふんかウニ   24-25/73-74   96  70  10  2300  130
ノロージョの婆   24-26/73-75   78  39  24  1800  130
ユンピー  25-26/74-75   86  85  35  2345  345
カイワレ大魔王   25-27/74-76   99  85  38  1580  345
デブーゴン   25-28/74-77   86  85  35  3700  400
大物荒らし   26-27/75-76   78  39  24  1800  90
破壊者   26-29/75-78   80  65  24  1900  480
テリブルラビ  28-29/77-78   83  53  30  1200  200
パコレプゴッド   28-30/77-79   84  80  24  2500  170
バイーンダイル   28-30/77-79   95  88  29  4300  500
イカカイザー  29-30/78-79   85  72  30  2200  200
コロコロコロン   29-31/78-80   130   75  22  1300  330
おにぎりヒグマ   30-31/79-80   78  62  39  1200  300
おてあげガッパ   31-32/80-81   89  63  30  1700  170
ガマドーン   31-33/80-82   80  55  17  1000  100
ひきこむゾウ  31-34/80-83   76  59  28  1400  170
ギタンマムル  31-33/50-99   12  84  38  5500  444
デスヘッド   32-34/81-83   73  90  35  3800  500
ケダケー  33-34/82-83   128   63  25  2450  320
バシャーガ   33-36/82-85   120   88  42  4500  400
ギャンドロン  34-36/83-85   95  75  36  2800  200
シャインバード   35-36/84-85   76  59  33  1400  170
タイガーウボッホ  35-51/84-93   93  72  32  2000  170
ドドズドン   36-39/85-88   165   90  35  2222  600
にぎり元締   37-39/86-88   97  69  30  3750  170
総長ヤンぴー  37-40/86-89   97  71  35  3200  250
しょうめつトド   38-40/87-89   80  61  15  1900  80
フォールギャザー  40-42/87-89   85  80  35  3200  600
ゲンナマゲイズ   40-42/89-91   93  62  38  1850  130
エリズガゴン  40-51/89-99   100   103   48  5000  400
崩壊者   40-51/89-99   95  85  30  3600  720
タツジン  41-43/90-92   100   85  36  3300  400
イッテツ戦車  46-47/95-96   86  62  20  3200  200
ひとくいデビル   51-59   100   65  30  1000  400
タベラレルー  51-76/91-99   8   4   1   1   1
劇毒サソリ   57-58/77-78   95  89  36  2700  170
むらぐいデビル   60-66   120   70  30  2000  600
アビスドラゴン   60-99   120   106   50  6666  600
やまぐいデビル   67-70   140   75  30  3000  800
しまぐいデビル   71-74   160   80  30  4000  900
らんぶポリゴン   82-86   86  65  28  1400  200
